-122.884006036982, 44.300836472172, 872.801
-122.917498453426, 44.2983630056843, 705.872
-123.352620249071, 44.6300323756203, 655.951
-122.945096123394, 44.3159021316877, 651.141
-122.863386211886, 44.3991005499089, 647.714
-123.349137781817, 44.6723061665003, 642.967
-123.399985665452, 44.6325058421079, 636.768
-123.377504313488, 44.6423997080586, 606.802
-122.884958674036, 44.4335042201463, 592.47
-123.314872588372, 44.6792768447836, 583.506
-122.870924375529, 44.3165767134571, 561.756
-123.371503446064, 44.6124932496169, 556.594
-123.348271598649, 44.6943425042994, 553.957
-122.92071774833, 44.4224860512468, 517.388
-123.405008514915, 44.6534178769581, 513.658
-123.314233220953, 44.6232865579266, 497.945
-122.970956088685, 44.4418240619685, 495.455
-123.351664627645, 44.6500449681113, 495.816
-122.850736860197, 44.3824608662647, 494.303
-122.915063164274, 44.4449721102255, 480.459
-122.810159363259, 44.3982011075498, 476.943
-123.290870968229, 44.6898452925036, 475.378
-123.270876532919, 44.6466720592645, 461.714
-122.941593395866, 44.45081848556, 455.458
-122.860770224782, 44.4209120271183, 454.515
-122.845161814714, 44.3057834051473, 445.187
-123.413194107602, 44.6115938072577, 435.06
-122.854257437544, 44.439125734891, 431.953
-123.42922659014, 44.3449091477702, 432.379
-122.960122571051, 44.5050098876986, 435.825
-122.951558438615, 44.4123673247064, 427.622
-122.901796218146, 44.4674581692042, 430.475
-122.864987817035, 44.3408616571541, 428.329
-122.970033233206, 44.3082568716349, 430.481
-122.811559444465, 44.3275948823566, 418.431
-122.906677975064, 44.3500809413353, 418.912
-123.390989769591, 44.6783774024245, 412.378
-123.367406784334, 44.5940546812543, 403.271
-122.897521428247, 44.32399711292, 393.707
-122.840909054877, 44.4550908367659, 391.663
-123.424232193789, 44.4200125847591, 397.364
-122.940010704926, 44.3350152818196, 390.262
-122.8348691306, 44.4015740163966, 396.475
-123.305717104288, 44.6558913434458, 382.404
-122.825780344682, 44.2940906544784, 381.035
-123.004161737974, 44.3248965552792, 376.313
-122.964926290256, 44.3383881906664, 374.863
-123.405057471365, 44.3808868421362, 377.566
-123.257461228977, 44.6633117429088, 374.378
-122.87494873392, 44.5265965043182, 369.165
-123.367554267184, 44.5758409734816, 360.755
-123.35577157553, 44.4184385606306, 356.445
-123.293240419944, 44.6374527750832, 348.462
-122.819189603073, 44.5315434372935, 352.639
-123.422526441408, 44.3950530592927, 337.407
-123.338296454516, 44.7100827455844, 404.624
-123.430729764748, 44.5416621638339, 330.583
-122.895760578963, 44.3982011075498, 329.595
-123.380048576291, 44.6950170860687, 336.575
-122.878217642549, 44.3781885150587, 325.71
-122.84656828733, 44.5450350726807, 325.718
-123.422666478044, 44.2925166303498, 317.633
-123.399150335217, 44.4141662094247, 317.861
-123.429279376609, 44.4643101209472, 317.844
-122.885914380583, 44.4483450190723, 419.612
-123.384192604559, 44.5265965043182, 305.686
-122.926538902241, 44.4724051021795, 304.83
-123.320707402642, 44.6032739654356, 306.638
-123.410640391486, 44.7233495203819, 298.521
-122.821588926311, 44.3775139332894, 295.312
-123.40009631137, 44.3491814989762, 292.732
-123.39092197116, 44.711656769713, 290.675
-123.419003021736, 44.5140043112901, 290.442
-122.838375813743, 44.4200125847591, 311.752
-123.432478301827, 44.6316063997488, 284.049
-123.425982145024, 44.5724680646348, 285.282
-122.81580590947, 44.679951426553, 283.996
-122.882536539513, 44.3541284319515, 277.52
-123.379861905749, 44.7341428286917, 277.75
-123.360130641163, 44.7199766115351, 277.35
-122.861666108378, 44.4733045445387, 274.686
-123.400743387389, 44.4357528260442, 273.312
-123.376014077804, 44.3883072415991, 275.936
-123.404212204337, 44.5841608153037, 269.352
-123.284087297205, 44.6091203407701, 265.068
-123.407570353178, 44.4975894882357, 266.1
-122.827582329532, 44.3473826142579, 268.772
-122.836714739376, 44.3257959976383, 255.438
-122.8583908999, 44.4908436705421, 260.159
-123.39508545837, 44.3066828475064, 258.236
-122.837470009513, 44.6934430619402, 251.679
-122.936659584572, 44.4258589600935, 335.803
-123.320083605429, 44.3217485070222, 249.529
-123.023238418713, 44.4683576115633, 243.878
-123.001581507277, 44.3584007831575, 239.317
-123.279916036085, 44.7141302362007, 236.382
-123.420096308187, 44.4816243863608, 234.628
-123.420064230406, 44.6743299118083, 235.74
-123.339925906948, 44.7323439439734, 230.704
-123.429977022563, 44.652518434599, 231.761
-123.402467290012, 44.5601007321965, 233.158
-123.351668035218, 44.3932541745745, 230.284
-123.326727631607, 44.5841608153037, 224.99
-123.41259416453, 44.6974905525564, 224.214
-122.884024059907, 44.6675840941147, 222.342
-123.335137090099, 44.5657222469411, 224.479
-122.840019890019, 44.5191761048552, 220.3
-123.237532886664, 44.7017629037623, 218.897
-122.825877699818, 44.4373268501727, 219.69
-122.813407520962, 44.4991635123642, 212.454
-123.431628285568, 44.5992264748194, 210.004
-123.416750668898, 44.3642471584919, 211.27
-123.39247765163, 44.6008004989479, 208.963
-122.812550530338, 44.4224860512468, 210.169
-122.80667657237, 44.731669362204, 206.933
-123.016614928294, 44.6540924587275, 205.498
-123.369990602417, 44.3159021316877, 204.676
-122.996666162995, 44.3017359145311, 206.08
-122.85742923113, 44.6750044935777, 203.89
-122.806559761627, 44.4490196008417, 202.154
-123.367580027818, 44.3399622147949, 202.691
-122.817577394228, 44.4674581692042, 196.396
-122.805030595348, 44.5666216893003, 197.285
-123.410091833099, 44.4523925096885, 198.975
-123.344816119358, 44.3658211826204, 196.906
-123.327172553613, 44.2943155150681, 193
-123.224172230268, 44.6848983595283, 191.742
-122.977563786418, 44.4067458099617, 188.617
-123.37416254285, 44.4892696464135, 184.873
-123.350135141353, 44.4373268501727, 184.416
-123.393214969521, 44.4710559386408, 183.146
-122.918237652896, 44.3849343327523, 186.967
-123.376762784346, 44.5567278233497, 182.22
-122.941018578657, 44.4924176946706, 182.505
-122.836791855238, 44.478251477514, 176.653
-123.409238732975, 44.3266954399975, 177.954
-122.844110085671, 44.7224500780228, 170.126
-123.204337646318, 44.6558913434458, 168.759
-122.954953420346, 44.4690321933327, 171.871
-123.055121991527, 44.4566648608944, 180.944
-122.805325354115, 44.359974807286, 163
-122.893336989856, 44.4899442281829, 166.119
-123.317472450445, 44.3982011075498, 167.24
-122.916799919225, 44.5032110029803, 162.89
-123.042443961907, 44.6909695954526, 159.791
-123.139267743703, 44.6716315847309, 159.747
-123.404137174233, 44.5400881397054, 163.773
-122.831591537138, 44.7399892040262, 158.896
-123.298506104684, 44.5875337241505, 158.494
-122.844082642792, 44.3633477161328, 157.485
-123.018420743505, 44.4173142576817, 155.323
-122.954167292535, 44.379987399777, 157.813
-123.375015568674, 44.3660460432102, 153.878
-123.308225780837, 44.7175031450474, 150.989
-123.291693193614, 44.5423367456033, 146.349
-123.230077762383, 44.6567907858049, 144.708
-123.17423643743, 44.6765785177062, 143.885
-123.050825205671, 44.7141302362006, 143.704
-122.850954571638, 44.5601007321965, 202.339
-123.268463625963, 44.4308058930689, 146.314
-122.95984294821, 44.3575013407983, 140.622
-123.299984961989, 44.2967889815558, 141.508
-123.137319588313, 44.6466720592645, 138.784
-123.051495558034, 44.3183755981754, 143.888
-122.985889351678, 44.7224500780228, 136.772
-123.033276832745, 44.3433351236417, 138.981
-122.838422136442, 44.589107748279, 136.008
-123.337479765761, 44.5400881397054, 136.339
-122.859082447926, 44.7384151798976, 132.546
-122.833471851713, 44.6149667161045, 132.973
-123.361788991489, 44.5133297295208, 134.093
-122.874131962783, 44.5065839118272, 130.799
-123.018196819715, 44.6824248930407, 139.814
-123.26013330949, 44.6300323756203, 131.285
-123.339258615397, 44.4991635123642, 132.299
-122.903197239125, 44.3651466008511, 127.795
-122.931703233039, 44.3624482737736, 126.832
-122.807435505173, 44.6316063997488, 124.578
-123.25925997692, 44.6050728501539, 122.596
-122.874891319252, 44.5733675069939, 120.277
-123.272454154974, 44.3408616571541, 126.089
-122.812429841422, 44.581687348816, 123.837
-122.88339554091, 44.5441356303216, 123.527
-123.35430329809, 44.478251477514, 121.329
-122.914226325056, 44.581687348816, 119.873
-123.231671544772, 44.6383522174424, 117.943
-123.332390189637, 44.3467080324885, 114.64
-122.810818735933, 44.7091833032253, 115.811
-122.900801624443, 44.5167026383676, 114.735
-122.87739742219, 44.6857978018875, 114.626
-122.809043682945, 44.6091203407701, 112.811
-122.86322030253, 44.5918060753565, 114.181
-123.00424754209, 44.3966270834213, 113.923
-122.989103223481, 44.5164777777778, 111.402
-122.803287693607, 44.6558913434458, 113.301
-122.908970363033, 44.5376146732178, 109.311
-123.02748673065, 44.3125292228409, 108.95
-122.902494141778, 44.5601007321965, 110.242
-122.924888022044, 44.5232235954714, 107.833
-122.977422656737, 44.3716675579549, 107.625
-123.019078286376, 44.2925166303498, 107.858
-122.870968433672, 44.7107573273538, 108.631
-122.92738647, 44.7375157375385, 108.882
-122.885173728016, 44.731669362204, 105.994
-122.839124263383, 44.6592642522926, 106.367
-122.874917216579, 44.620813091439, 107.909
-123.120861556835, 44.2931912121192, 105.801
-122.945932356044, 44.5367152308586, 105.378
-123.033336245559, 44.3959525016519, 106.28
-122.884206325348, 44.6016999413071, 104.747
-123.337507480888, 44.4649847027165, 105.955
-122.832475487451, 44.6340798662364, 103.716
-122.905834341929, 44.620813091439, 102.95
-123.003242482984, 44.4973646276459, 102.838
-123.127376270809, 44.3334412576911, 104.242
-122.929248475586, 44.5533549145029, 101.829
-123.384909565845, 44.5059093300578, 102.681
-122.994276479927, 44.4559902791251, 102.121
-123.255927787801, 44.4566648608944, 102.52
-123.126708020722, 44.3698686732366, 100.992
-123.152315009553, 44.3575013407983, 101.766
-123.260860116821, 44.320849064663, 107.426
-123.020094001297, 44.5733675069939, 100.353
-122.990918898939, 44.4274329842221, 99.8891
-123.048288215077, 44.4125921852961, 99.9701
-123.320948921729, 44.3759399091608, 101.396
-123.096617211961, 44.3266954399975, 103.419
-122.963285021996, 44.7384151798976, 99.7922
-122.8991784936, 44.7107573273538, 98.8933
-122.924949697732, 44.5983270324603, 102.752
-123.083329515943, 44.3950530592927, 98.279
-123.239978916937, 44.3399622147949, 99.7864
-123.182704093588, 44.3332163971013, 98.7909
-123.185189854146, 44.3082568716349, 98.9582
-123.045910777421, 44.296564120966, 99.3978
-122.955067662475, 44.5576272657088, 97.7785
-123.004960416258, 44.3766144909302, 97.7736
-123.098239009536, 44.3048839627881, 98.2221
-123.20676169476, 44.2943155150681, 98.5898
-122.948335751627, 44.5776398581999, 96.824
-122.975751323236, 44.5425616061931, 96.6553
-122.969135258475, 44.4858967375667, 96.9623
-123.219209234399, 44.3554775954902, 96.9489
-123.112510413256, 44.348282056617, 98.3922
-123.344957154779, 44.2999370298128, 163.476
-123.078361978897, 44.293416072709, 96.678
-123.229981663906, 44.3734664426732, 99.1019
-123.028218691243, 44.3617736920043, 95.5125
-123.221675456847, 44.3275948823566, 95.8569
-123.28909276852, 44.3174761558162, 96.5365
-123.115827314768, 44.6583648099334, 95.7748
-122.897550750365, 44.6507195498807, 94.475
-122.860002097777, 44.6475715016237, 97.2094
-123.176581598416, 44.4960154641072, 95.2839
-123.132624920074, 44.3091563139941, 95.6542
-123.145993228553, 44.2925166303498, 94.9762
-122.944135077607, 44.64082568393, 94.8414
-122.97501555924, 44.5684205740186, 93.7385
-123.281665922066, 44.5666216893003, 95.7224
-123.006702855548, 44.5481831209378, 94.438
-123.31332922607, 44.529969413165, 97.851
-123.230718779049, 44.4526173702782, 93.4323
-123.128429922081, 44.4415992013787, 95.6403
-123.058338103719, 44.3449091477703, 93.8859
-123.275078632376, 44.2983630056843, 94.6833
-122.930730304307, 44.6941176437096, 96.8333
-123.025942742059, 44.4382262925319, 92.534
-123.160953510742, 44.4341788019157, 93.8939
-123.224101550611, 44.4024734587557, 94.0181
-123.159879919089, 44.379987399777, 96.2467
-123.077408817727, 44.3098308957634, 93.8684
-122.925954860178, 44.7193020297658, 92.5767
-123.23334748728, 44.6201385096696, 92.6053
-122.951597402705, 44.6041734077947, 92.9
-122.968284593743, 44.589107748279, 91.3665
-123.076661565307, 44.415965094143, 91.9961
-123.041586851093, 44.3775139332894, 91.6992
-123.183326861653, 44.3682946491081, 93.5455
-123.159024671914, 44.3150026893285, 91.8232
-123.231699062197, 44.3100557563532, 91.7656
-122.907345956739, 44.6765785177062, 90.3254
-122.939231656047, 44.6642111852679, 91.458
-123.225877838018, 44.5598758716067, 90.6578
-123.200817303583, 44.5333423220118, 91.9265
-123.197408205502, 44.4791509198731, 91.8373
-123.090856581289, 44.4517179279191, 90.2312
-123.104947691506, 44.4227109118366, 91.8419
-123.269010437938, 44.3806619815464, 91.5684
-123.084027580495, 44.3541284319515, 90.9388
-123.304921772378, 44.3392876330255, 90.5886
-123.096471515836, 44.7215506356636, 91.3895
-123.17405314757, 44.719077169176, 91.514
-122.954030025978, 44.7175031450474, 89.8354
-123.2541744293, 44.6866972442466, 89.9814
-123.027579534568, 44.6316063997488, 89.3377
-123.051648628886, 44.5832613729445, 89.7661
-123.014080879627, 44.5317682978833, 89.7751
-123.362543670611, 44.4566648608944, 89.9475
-123.107473271929, 44.3833603086238, 89.9024
-123.072468981013, 44.3707681155957, 89.8063
-123.155041918008, 44.3350152818196, 89.9323
-123.132498571719, 44.6866972442466, 96.805
-122.971506805403, 44.6358787509547, 91.3177
-122.995049170052, 44.581687348816, 88.8353
-123.016635471416, 44.5124302871616, 89.8015
-123.14907077709, 44.505684469468, 88.8871
-122.999044558306, 44.4791509198731, 92.872
-123.280912519431, 44.4584637456127, 90.4188
-123.321706222483, 44.4251843783242, 90.7208
-123.198451687261, 44.3867332174706, 90.3507
-123.248366584443, 44.2949900968375, 88.9244
-123.195755291388, 44.6882712683751, 87.8027
-123.051552916378, 44.6675840941147, 87.6835
-123.31407740222, 44.5108562630331, 88.7062
-123.101733139075, 44.5050098876986, 89.8263
-123.26252910505, 44.4865713193361, 88.8442
-123.054114875547, 44.4299064507097, 87.3804
-123.250999232719, 44.4065209493719, 88.4164
-123.176741305852, 44.6518438528296, 87.1841
-122.943374761177, 44.6232865579266, 88.8417
-123.040780356208, 44.546833957399, 86.9237
-123.025863054181, 44.4892696464135, 87.7484
-123.311612043827, 44.4607123515106, 88.0916
-123.155093524593, 44.415965094143, 86.1712
-123.278349385113, 44.3617736920043, 86.3075
-122.964208679634, 44.6983899949155, 85.4858
-122.919084107473, 44.6383522174424, 85.8828
-123.13497958862, 44.5274959466773, 85.922
-123.041619598575, 44.5250224801897, 86.8926
-123.05071085954, 44.4957906035174, 85.6193
-123.164306229899, 44.4616117938697, 87.3385
-123.322668868438, 44.443398086097, 85.6567
-123.130131102521, 44.4033729011149, 85.4778
-123.295806083921, 44.384259750983, 85.7539
-122.997553902948, 44.699964019044, 85.4313
-123.014188903462, 44.5967530083318, 85.4185
-123.305800311315, 44.569095155788, 87.3074
-123.068333113973, 44.5324428796527, 84.6571
-123.103439299399, 44.5241230378305, 86.2355
-123.062439366801, 44.4742039868978, 85.7057
-123.12087298311, 44.4699316356919, 85.7752
-123.311724815242, 44.3590753649268, 85.5547
-123.020045542808, 44.7357168528202, 84.0101
-122.980867968954, 44.6091203407701, 83.7688
-123.124896563004, 44.6048479895641, 83.5131
-123.086775506266, 44.5983270324603, 83.9507
-123.151615205797, 44.5441356303216, 83.9033
-123.071689686317, 44.5059093300578, 85.4486
-123.094627856191, 44.4742039868978, 83.8656
-123.204914128105, 44.4393505954808, 84.7939
-123.191830301453, 44.411692742937, 83.7221
-123.167537293911, 44.3975265257804, 83.9538
-123.162500791759, 44.6950170860687, 88.6179
-122.988995124502, 44.6666846517556, 83.7078
-123.044094201065, 44.5650476651718, 82.8558
-123.070832088418, 44.5632487804535, 82.9967
-123.079077297727, 44.4357528260442, 83.6029
-123.288357432829, 44.4191131424, 82.755
-123.250795319858, 44.3550278743107, 84.8084
-123.119029215189, 44.5823619305854, 83.288
-123.10676901235, 44.5549289386314, 81.3012
-123.300721786072, 44.4892696464135, 83.3388
-123.276610142312, 44.3984259681396, 81.9925
-122.957716447939, 44.6765785177062, 80.7335
-123.000816309265, 44.6300323756203, 80.7661
-123.263398813099, 44.509956820674, 84.9319
-123.160852514965, 44.4800503622323, 81.8589
-123.297450093615, 44.4366522684034, 81.664
-123.23318352089, 44.4242849359651, 81.3167
-122.961569024866, 44.6549919010866, 79.9806
-123.045027317057, 44.6066468742824, 80.8188
-123.219163873705, 44.5866342817914, 81.4851
-123.252435011612, 44.5801133246875, 80.3475
-123.257427654566, 44.5558283809905, 82.4923
-123.25152059482, 44.5367152308586, 83.6502
-123.235873963474, 44.5092822389046, 79.5958
-123.211666423225, 44.4973646276459, 82.0243
-123.125107379924, 44.4966900458765, 80.4315
-123.207602610811, 44.4616117938697, 80.5232
-123.205134278313, 44.7366162951793, 80.0518
-123.070060432468, 44.6833243353998, 79.8743
-123.087414358685, 44.6666846517556, 81.377
-123.183957145196, 44.4483450190723, 78.972
-123.323279883061, 44.7334682469223, 147.245
-123.123195885049, 44.7181777268168, 83.0678
-122.991029079526, 44.648246083393, 77.8953
-123.195002873177, 44.6309318179794, 78.9299
-123.076681956278, 44.581687348816, 78.8222
-123.181716875961, 44.5783144399692, 78.3617
-123.142569307022, 44.5733675069939, 78.7596
-123.180165879128, 44.5200755472144, 77.7464
-123.250823946991, 44.7215506356636, 76.8188
-123.021724219946, 44.7076092790968, 78.8384
-123.211697073993, 44.5164777777778, 76.9835
-123.289956374883, 44.7323439439734, 76.6884
-123.224920348331, 44.7240241021513, 75.9762
-123.055816883549, 44.648246083393, 78.437
-123.167424643323, 44.6334052844671, 76.2534
-123.335106607327, 44.5207501289837, 76.4702
-123.231590939344, 44.4840978528484, 77.4714
-123.122597061984, 44.6300323756203, 74.9774
-123.056656829955, 44.6244108608756, 74
-123.098361055072, 44.6226119761573, 74.6161
-123.192524587785, 44.6025993836662, 74.7662
-123.178344624237, 44.5459345150399, 74.7046
-123.291625968876, 44.5200755472144, 74.3672
-122.982404910733, 44.6833243353998, 73.7514
-123.16740584811, 44.6115938072577, 77.0089
-123.150833906564, 44.5983270324603, 72.9842
-123.051700083213, 44.7357168528202, 73.0178
-123.080880945706, 44.6432991504177, 70.7489
-123.204068447517, 44.5681957134288, 70.8154
-123.139292479809, 44.7384151798976, 72.8661
-123.208433569506, 44.7058103943785, 69.5013
-123.163436162227, 44.5583018474782, 69.8481
-123.226731997035, 44.5333423220118, 71.9009
-123.071761046457, 44.7015380431726, 67.8282
-123.111805524428, 44.6983899949155, 69.4027
-123.145877034858, 44.617665043182, 66.7599
-123.14009553845, 44.70423637025, 68.4652
-123.179978953788, 44.7404389252057, 63.9747
-123.24163504659, 44.7384151798976, 62.8296
-123.086643014269, 44.739089761667, 64.4665
-123.10846206777, 44.6783774024245, 59.8373
-123.113151382561, 44.7341428286917, 56.9365
