-122.639141542862, 44.249235465021, 1064.94
-122.609203589567, 44.647463569534, 1028.91
-122.615742967761, 44.2474365803027, 973.792
-122.620075090224, 44.6314984676591, 966.945
-122.619979839969, 44.3139953148797, 967.636
-122.944935242825, 44.2368681325827, 965.436
-122.607641705019, 44.5082748644558, 920.906
-122.718305650145, 44.2316963390176, 911.527
-122.645918306598, 44.264076263947, 907.26
-122.932389871917, 44.2699226392814, 874.604
-122.88405835666, 44.3009534006721, 872.67
-122.62316263262, 44.5208670574838, 851.896
-122.904301132722, 44.2917341164908, 844.463
-122.644859903717, 44.5633657089536, 804.483
-122.686629758384, 44.273520408718, 798.773
-122.636639301228, 44.6508364783808, 801.853
-122.723371208597, 44.2874617652848, 794.689
-122.63256160428, 44.4965821137868, 785.977
-122.609467869229, 44.4700485641919, 783.667
-122.642606621361, 44.3133207331103, 782.658
-122.633243116161, 44.615758226374, 778.002
-122.624949536272, 44.667476162025, 761.17
-122.675123536821, 44.3225400172916, 756.087
-122.764018446438, 44.2901600923623, 742.74
-122.615875625769, 44.2649757063061, 738.651
-122.906818141987, 44.2699226392814, 710.159
-122.972330647117, 44.2384421567112, 704.474
-122.743296534791, 44.2267494060423, 698.589
-122.617328933716, 44.2267494060423, 694.846
-122.636011838196, 44.4725220306796, 681.399
-122.792478733571, 44.2858877411563, 682.614
-122.680893331283, 44.2265245454525, 676.019
-122.653295105057, 44.5024284891213, 672.94
-122.936977482576, 44.3074743577759, 663.661
-122.867506985294, 44.288361207644, 665.167
-122.62579345334, 44.5442525588217, 654.231
-122.906822752116, 44.2424896473274, 655.834
-122.698135668933, 44.340079143295, 647.837
-122.863410614501, 44.3989926178192, 647.339
-122.705869661142, 44.3241140414201, 649.347
-122.66739856967, 44.2591293309717, 642.955
-122.666691658656, 44.5615668242353, 647.6
-122.615049343608, 44.382352934175, 631.109
-122.661720490242, 44.6456646848157, 624.458
-122.634927898812, 44.3349073497299, 605.599
-122.654222016406, 44.5273880145877, 601.638
-122.885015924365, 44.4333962880567, 592.74
-122.660160501054, 44.4466630628541, 594.727
-122.668441060151, 44.3333333256014, 651.483
-122.607475580929, 44.5559453094906, 569.416
-122.870803921751, 44.3166936419572, 563.893
-122.661759322595, 44.3490735668865, 563.369
-122.647457348343, 44.2258499636832, 560
-122.605880962519, 44.4500359717009, 560.129
-122.649858666093, 44.6200305775799, 682.464
-122.863304347853, 44.2699226392814, 550.499
-122.781782919621, 44.3133207331103, 539.614
-122.606565550064, 44.6000179850889, 533
-122.66679074916, 44.4866882478362, 530.249
-122.620172396954, 44.3281615320362, 614.465
-122.68063970722, 44.6566828537152, 524.709
-122.868341765331, 44.4149577196941, 525.738
-122.884887912521, 44.26092821569, 522.831
-122.920734871526, 44.4226029797469, 516.739
-122.610892542969, 44.343227191552, 512.119
-122.673181607842, 44.6265515346838, 511.485
-122.633339942132, 44.5959704944727, 508.164
-122.663267908231, 44.5815794167264, 507.204
-122.671575879325, 44.5150206821494, 503.524
-122.97081298351, 44.4423907116481, 495.886
-122.850840483461, 44.3825777947648, 495.634
-122.819354323782, 44.2616027974593, 496.412
-122.884227807817, 44.2350692478644, 493.081
-122.617394223848, 44.573484435494, 486.827
-122.764981027168, 44.2298974542993, 490.065
-122.635140044352, 44.4540834623171, 549.631
-122.678366376747, 44.5399802076157, 483.791
-122.915157358381, 44.4450890387256, 479.133
-122.810090483819, 44.3983180360499, 477.611
-122.846856389069, 44.2607033551002, 478.957
-122.704853050783, 44.2575553068431, 479.882
-122.728296180897, 44.2483360226619, 474.374
-122.672416055485, 44.4365443363137, 514.234
-122.86921867185, 44.4349703121852, 513.394
-122.834170140423, 44.2831894140789, 462.61
-122.688321219694, 44.5058013979681, 480.526
-122.949312697735, 44.2917341164908, 464.897
-122.732529367641, 44.6683756043842, 459.383
-122.961758187728, 44.3074743577759, 459.401
-122.941706052169, 44.45093541406, 454.976
-122.686651075268, 44.4734214730388, 451.042
-122.70421379345, 44.4349703121852, 447.65
-122.845001589763, 44.3056754730576, 445.804
-122.640998780199, 44.4358697545443, 446.81
-122.757669706617, 44.3148947572389, 436.926
-122.80485387336, 44.315794199598, 438.082
-122.665928782591, 44.465776212986, 436.902
-122.714190847119, 44.3591922934269, 438.962
-122.934111961093, 44.3283863926261, 431.88
-122.675846673824, 44.2874617652848, 439.206
-122.893165402804, 44.4176560467716, 432.186
-122.951538545039, 44.4124842532065, 427.679
-122.959970844855, 44.504901955609, 434.105
-122.902417313221, 44.4675750977043, 429.982
-122.864947082224, 44.3407537250644, 427.938
-122.629184209374, 44.3684115776082, 421.431
-122.73006370458, 44.4401421057503, 418.259
-122.685719276737, 44.2433890896866, 420.014
-122.906670741626, 44.3499730092456, 419.379
-122.835949918242, 44.2301223148891, 408.713
-122.6650267997, 44.3841518188933, 409.591
-122.716655984754, 44.6099118510395, 400.317
-122.638304110891, 44.3983180360499, 405.528
-122.834233287031, 44.3983180360499, 401.47
-122.705723294449, 44.5516729582847, 404.074
-122.894051584114, 44.4507105534703, 399.3
-122.760081654123, 44.2692480575121, 395.277
-122.841487044279, 44.4549829046762, 391.909
-122.896751475972, 44.3216405749325, 395.696
-122.707444053455, 44.6492624542523, 388.488
-122.888363367703, 44.3976434542805, 383.07
-122.962314882252, 44.2748695722568, 387.651
-122.79327882616, 44.2265245454525, 383.278
-122.67348579484, 44.6067638027825, 382.337
-122.800055745947, 44.379204885918, 381.841
-122.753316800523, 44.4426155722379, 377.575
-122.965104096067, 44.3382802585767, 374.454
-123.004068619051, 44.3250134837793, 377.855
-122.874870799728, 44.5267134328183, 369.668
-122.979144208218, 44.3216405749325, 361.524
-122.815005829541, 44.3373808162176, 355.857
-122.658364057077, 44.3650386687614, 358.279
-122.606488714898, 44.4201295132592, 353.887
-122.810853079287, 44.2975804918253, 353.837
-122.819126403009, 44.5316603657936, 353.563
-122.735894164435, 44.3733585105835, 349.522
-122.605072327414, 44.3650386687614, 345.808
-122.703304935745, 44.4617287223698, 346.83
-122.78840585814, 44.2616027974593, 339.673
-122.707460690497, 44.4824158966302, 339.017
-122.731638360293, 44.3407537250644, 340.38
-122.771534147112, 44.3899981942277, 337.877
-122.786645407843, 44.4875876901953, 340.546
-122.737352590759, 44.5267134328183, 335.367
-122.687486072598, 44.580904834957, 334.805
-122.974860934737, 44.2582298886125, 331.836
-122.698430169608, 44.6332973523774, 330.392
-122.69320923702, 44.5233405239715, 329.8
-122.71920326743, 44.5384061834872, 330.752
-122.764036288812, 44.3699856017367, 327.416
-122.846643280582, 44.544927140591, 324.919
-122.844054435377, 44.4167566044124, 325.005
-122.878171734519, 44.3783054435588, 326.263
-122.682286835225, 44.3607663175554, 321.625
-122.754924841721, 44.2357438296337, 575.493
-122.71496058867, 44.3059003336474, 313.901
-122.76672543179, 44.5298614810753, 312.74
-122.698443324091, 44.3899981942278, 321.694
-122.785061769619, 44.3317593014729, 314.625
-122.729023963792, 44.5532469824132, 304.728
-122.763161851376, 44.4799424301426, 306.424
-122.923394533207, 44.4765695212958, 305.003
-122.732474778329, 44.4740960548081, 302.439
-122.792085592448, 44.4050638537435, 369.511
-122.798263083678, 44.2440636714559, 294.583
-122.712561614496, 44.5689872236983, 292.479
-122.838180970481, 44.4374437786728, 289.853
-122.745795218616, 44.5060262585579, 281.497
-122.882544871149, 44.3542453604516, 277.269
-122.861856087314, 44.4734214730388, 274.479
-122.7457816581, 44.3884241700992, 265.051
-122.704901092701, 44.5916981432668, 263.735
-122.713203988943, 44.5132217974311, 259.65
-122.740797416161, 44.4165317438226, 260.468
-122.858281275253, 44.4907357384524, 259.501
-122.768294240958, 44.4100107867188, 262.199
-122.836624993285, 44.3259129261384, 254.356
-122.692351015805, 44.4192300709001, 252.53
-122.794277569713, 44.3490735668865, 252.556
-122.913315985238, 44.3866252853809, 250.795
-122.749914502404, 44.5465011647196, 255.693
-122.74750124611, 44.3533459180925, 248.89
-122.770849842774, 44.2514840709189, 248.668
-122.729928351821, 44.5950710521136, 249.231
-123.023412656914, 44.4684745400634, 243.551
-122.792410949684, 44.529186899306, 240.97
-122.829225347869, 44.4574563711638, 366.556
-123.001603193066, 44.3582928510678, 239.436
-122.690865595883, 44.3034268671597, 238.077
-122.675016629692, 44.4016909448967, 233.806
-122.724168871656, 44.4950080896583, 231.945
-122.733180486009, 44.5784313684693, 226.969
-122.795085386382, 44.564040290723, 227.186
-122.814267497998, 44.4250764462345, 226.999
-122.773425834314, 44.553471843003, 224.075
-122.884069609958, 44.667476162025, 222.661
-122.720731370142, 44.6332973523774, 223.821
-122.85840789552, 44.3659381111205, 215.194
-122.839868453981, 44.5190681727655, 217.649
-122.752648875738, 44.6000179850889, 210.702
